-0.5508277728781104 0.035844483245164156 9.450309600830078
-10.656866455078125 0.4530091977119446 0.5747560120373965
-2.552471783161163 0.13806586930528283 9.197771091461181
-4.112927131652832 0.21899113146588206 8.756821746826171
-5.2735419273376465 0.24167509231716394 8.330707788467407
-6.109259109497071 0.25765914559364317 7.874253053665161
-7.581419296264649 0.3160440205782652 6.707321243286133
-8.249351844787597 0.37079180538654327 6.02857310295105
-8.961934432983398 0.3788316851854324 5.1862517261505126
-9.50740228652954 0.4243431732058525 4.135802540779114
-9.907625865936279 0.4061098650097847 3.311762294769287
-10.365420570373535 0.4572205525636673 2.1481326413154602
-10.503534240722656 0.4695675259828567 1.5344692969322205
-0.48784869283437726 0.1063848967012018 9.445380401611327
1.922058744430542 0.012825528653338551 9.183749141693115
3.0707093238830567 0.018041882608085872 8.732319278717041
4.23055832862854 -0.010528420489281416 8.175174312591553
4.979559698104858 -0.0401994220726192 7.724462156295776
6.412621288299561 -0.05881558134220541 6.648888483047485
7.369606695175171 -0.0923629555432126 5.558622722625732
8.191014804840087 -0.13907085491344331 4.522434854507447
8.764718036651612 -0.20401206174865366 3.388189034461975
9.135509815216064 -0.21559332851320506 2.3858835005760195
9.298069408961705 -0.2462165714526663 1.4341309332117742
9.437053356170654 -0.24679572831839322 -0.37351961618289353
-0.4983771027624607 0.17108682438731193 9.446815948486329
-0.4694718100130558 2.259590311050415 9.195282440185547
-0.4195096733421087 3.9073358249664305 8.721024951934815
-0.46377689242362974 5.596429371833802 7.968147277832031
-0.4920121940597892 7.15181191444397 6.706794776916504
-0.4660261406749487 7.900909032821655 6.2120069313049315
-0.46798825830221175 8.742943229675292 5.018227643966675
-0.4041956039145589 9.359430122375489 3.9935253286361694
-0.44779283059760927 9.754772262573242 3.1847990798950194
-0.4628197625372559 10.009512271881103 2.4148366546630857
-0.4783252474665642 10.182609024047851 1.6597575218230487
-0.5729374570725486 10.241089668273926 1.279202984571457
-0.5179503920674324 10.396000862121582 -4.785612225532532e-05
-0.47952166467905044 0.025459634438157082 9.39125467300415
-0.5827001704275608 -2.3592752695083616 8.957340145111084
-0.6210331910848618 -4.224336991310119 8.544482612609864
-0.6288816546276211 -4.220317049026489 8.40895330429077
-0.5917929062247276 -5.400361490249634 7.830416421890259
-0.6461099794507027 -7.270687389373779 6.3809401798248295
-0.6808537578582764 -8.22446641921997 5.2126205539703365
-0.7208617553114891 -8.806448802947997 4.271140599250794
-0.7199524813890457 -9.243856754302978 3.4491581773757933
-0.6965985369682312 -9.582536849975586 2.4336920738220216
-0.6648218582570553 -9.791908912658691 1.7876778173446655
-0.6664968299865722 -9.898628826141357 0.9954620849341154
-0.7321558779478073 -10.046122436523438 -0.26828327427618204
-0.7248338347673416 -10.037938938140869 -0.40175491966307164
1.9324435567855835 -9.733045406341553 -0.6365386881306767
2.8638737392425537 -9.443753147125244 -0.35729628190398216
-0.6458706998825073 0.20760129600763322 -9.83038547515869
1.324953762292862 0.11700902979820967 -9.650971565246582
3.0095966386795046 -0.06920043526683002 -9.201312465667725
4.982909650802612 -0.1396451298892498 -8.206376695632935
6.569686050415039 -0.21698115799576045 -6.889845752716065
7.69249418258667 -0.28938797302544117 -5.6686447238922115
8.185463476181031 -0.29876784041523935 -4.943954453468323
8.660438766479492 -0.35485560208559036 -4.1696848917007445
9.015294342041015 -0.38141592979431155 -2.939726231098175
9.284391193389892 -0.3833301915228367 -2.303474681377411
9.35301736831665 -0.29546574644744394 -1.52456303358078
9.374792003631592 -0.2735474868491292 -0.8071469432115554
9.45988079071045 0.04776073993183672 -0.4767459872364998
-0.725503828972578 0.2832623459212482 -9.8556058883667
-2.9282885217666625 0.41788255512714384 -9.56243724822998
-4.268460636138916 0.4204189443588257 -9.174895782470703
-6.171951017379761 0.41630329251289366 -8.178428564071655
-7.3328049659729 0.5769095432758331 -7.398559799194336
-8.818413009643555 0.5285745257139206 -5.879452438354492
-9.499218807220458 0.6289295089244843 -4.615419921875
-9.990513191223144 0.7992506301403046 -3.7005959510803224
-10.29353244937196 0.8739662729963964 -2.84008518530398
-10.595993022918702 1.0933285331726075 -1.4232987833023072
-10.647151641845703 0.8953942406177521 -0.8288259204477072
-10.688355960845946 0.43329233437776565 0.47138606309890746
-0.6798487844318152 0.3994578157365322 -9.995442237854004
-0.43051665992941707 -2.4756622076034547 -9.656857929229737
-0.4631068941950798 -4.13494116306305 -8.789842748641968
-0.3866801423765719 -5.077282600402832 -8.455804510116577
-0.36270406225696206 -6.786092920303345 -7.30590970993042
-0.421280362457037 -7.947951898574829 -5.977079591751099
-0.3484906880185008 -8.688769779205323 -4.920839877128601
-0.32638101050630214 -9.165132865905761 -4.101537299156189
-0.04259224315173924 -9.526257762908935 -3.1865698289871216
-0.3539463307708502 -9.845508041381835 -2.1336799728870393
-0.7970970875024795 -10.034349670410156 -0.5991627932572737
-0.5826523259282113 0.4702853658795357 -9.868479290008544
-0.8079604956507683 3.1659436988830567 -9.47945411682129
-0.7002356258034707 4.578857641220093 -8.81932230949402
-0.7395736211538315 5.830447435379028 -8.311134595870971
-0.6964071103930474 6.702822790145874 -7.624346599578858
-0.7094240693747997 7.690053472518921 -6.802794866561889
-0.6993742021918297 8.467050952911377 -5.967412605285644
-0.6813323324918747 8.976722259521484 -5.187926664352417
-0.6684110897779465 9.45901948928833 -4.425573353767395
-0.6585526531934738 9.845077419281006 -3.389002618789673
-0.7053562724590301 10.09651533126831 -2.901919641494751
-0.6648218566179276 10.224004955291749 -1.9973847913742064
-0.6582176607847213 10.349628067016601 -1.0653325138986112
-0.3886422588117421 10.380064868927002 0.30116066300310196
-0.6090690857172012 10.37398696899414 0.2551706112921238
1.867119529247284 10.036598930358887 0.24526431964710355
3.0906967338250606 9.679309533566844 0.09893589845041231
4.950032215118409 8.621244373321533 0.06441479105502367
6.452485666275025 7.478145141601562 -0.1148554926738143
7.206703290939331 6.599644193649292 0.052259238883852956
7.577638568878174 6.01636981010437 0.0409172710031271
7.9890127277374265 5.422279729843139 -0.17812171027064325
8.626412925720215 4.143890314102173 -0.1953979052975774
9.000793914794922 3.144264717102051 -0.4865087058395147
9.242660312652587 2.408328161239624 -0.48536015819758177
9.259793071746826 1.8536718606948852 -0.4856472916295752
9.389436149597168 0.46540401071310045 -0.5403472134284675
-0.593563593775034 10.373652000427246 0.3575834201835096
-2.3538674831390383 10.243147373199463 0.5953342777863145
-4.197968120574951 9.771569900512695 0.5020141923427581
-5.551396484375 9.180351371765136 0.5247460048086942
-6.382471561431885 8.606648178100587 0.5591548102349043
-7.012310361862182 8.124781522750855 0.5781059574708343
-7.62693078994751 7.59630277633667 0.6025606031343341
-8.599804668426513 6.500724925994873 0.5835615918040276
-9.31406229019165 5.513159103393555 0.28589444868266584
-9.898772220611573 4.367427759170532 0.538528662249446
-10.091442470550538 3.625461301803589 0.26244478492066264
-10.519853496551514 2.23312570810318 0.2589512674883008
-10.700894470214843 1.2757573187351228 0.12184252671897411
-10.606856651306153 0.4584648236632347 0.3296831064671278
-0.5549912920594215 -10.006162166595459 0.3676332787051797
-2.847793946266174 -9.742712478637696 0.1391665715444833
-4.142263164520264 -9.332917671203614 0.3297309624776244
-5.504066410064698 -8.70374876022339 0.361316231302917
-6.338156480789184 -8.183931970596314 0.1528056539222598
-7.153821954727173 -7.5017861652374265 0.08676374960225075
-8.242364835739135 -6.4368844318389895 -0.019764723144471644
-8.72059434890747 -5.745454368591308 -0.23995225643739104
-9.219258670806886 -4.9878867244720455 -0.3438486161828041
-9.71256290435791 -4.204237298965454 -0.32805599182844164
-9.902122230529786 -3.728974847793579 -0.5089533758163453
-10.25104756257972 -2.602512014155485 -0.4433558600745639
-10.424523544311523 -1.7248901653289794 -0.5585326785966754
-10.566800689697265 -1.5866328477859497 -0.5130690385634079
-10.654282321929932 -0.7774759399890899 -0.5717410445958376
-10.68376194000244 -0.06790830912999808 -0.6206982029788196
-0.5571926852781326 -9.953472309112549 0.40926839455962183
1.7413049197196961 -9.748790187835693 0.5856672805920243
3.058027396202087 -9.309611606597901 0.6715696205757559
4.830726146697998 -8.440586280822753 0.8476813559606672
5.740716524124146 -7.809216070175171 0.9000841842032969
6.714068965911865 -6.893865652084351 0.8472985144145787
7.462161102294922 -5.964732608795166 0.7650332671403884
7.893204212188721 -5.375332565307617 0.6261538302339613
8.309651031494141 -4.517457818984985 0.6753024132270365
8.648091659545898 -3.9028373098373415 0.556187700573355
8.92049072265625 -3.316356506347656 0.4646861626207828
8.948678359985351 -2.7813213539123534 0.5876293971389532
9.186476955413818 -2.179909324645996 0.6800880645914004
9.321814994812012 -1.5922320580482483 0.5251767132990062
9.322197761535644 -1.1855479204654693 0.5670032576099038
9.432602710723877 -0.6342415750026703 0.40979481864720585
9.508311576843262 0.48942795634269715 0.08877371720969678
